0.8225806451612904
0.9215686274509803
0.8718487394957983
0.8686911128087599


0.8387096774193549
0.8970970206264324
0.8907563025210083
0.8863786540257128





0.8548387096774194
0.9327731092436975
0.9124649859943978
0.9080991672687174



0.8064516129032258
0.7620370370370371
0.7764550264550264
0.7399429073342118


0.7741935483870968
0.8781512605042017
0.8088235294117647
0.8086777044914076



0.8709677419354839
0.8994708994708994
0.8789682539682540
0.8760080075869550


0.8548387096774194
0.9411764705882353
0.9257703081232492
0.9169367268438476
