0.8225806451612904
0.9215686274509803
0.8718487394957983
0.8686911128087599


0.8709677419354839
0.9346405228758170
0.9369747899159664
0.9310331825037708





0.8548387096774194
0.9327731092436975
0.9124649859943978
0.9080991672687174



0.8064516129032258
0.7620370370370371
0.7764550264550264
0.7399429073342118



0.7741935483870968
0.8781512605042017
0.8088235294117647
0.8086777044914076



0.8870967741935484
0.9053030303030304
0.8888888888888888
0.8873936047849091


0.9032258064516129
0.9637254901960784
0.9593837535014006
0.9534317464590717
