0.8225806451612904
0.9215686274509803
0.8718487394957983
0.8686911128087599


0.8870967741935484
0.9581105169340464
0.9453781512605043
0.9470588235294118





0.8548387096774194
0.9327731092436975
0.9124649859943978
0.9080991672687174



0.8064516129032258
0.7620370370370371
0.7764550264550264
0.7399429073342118



0.7741935483870968
0.8781512605042017
0.8088235294117647
0.8086777044914076



0.8709677419354839
0.8847338935574230
0.9159663865546218
0.8904230444478123


0.8387096774193549
0.9022624434389140
0.8711484593837534
0.8630292696788860
