0.8225806451612904
0.9215686274509803
0.8718487394957983
0.8686911128087599


0.8064516129032258
0.9119514472455649
0.8928571428571429
0.8745817918788710





0.8548387096774194
0.9327731092436975
0.9124649859943978
0.9080991672687174



0.8064516129032258
0.7620370370370371
0.7764550264550264
0.7399429073342118



0.7741935483870968
0.8781512605042017
0.8088235294117647
0.8086777044914076



0.8709677419354839
0.8855820105820107
0.8736772486772487
0.8647965137667656


0.8870967741935484
0.9583227230286055
0.9663865546218489
0.9579644566856844
