0.8225806451612904
0.9215686274509803
0.8718487394957983
0.8686911128087599



0.8548387096774194
0.8360071301247772
0.8655462184873950
0.8261437908496732





0.8548387096774194
0.9327731092436975
0.9124649859943978
0.9080991672687174



0.8064516129032258
0.7620370370370371
0.7764550264550264
0.7399429073342118



0.7741935483870968
0.8781512605042017
0.8088235294117647
0.8086777044914076



0.8548387096774194
0.8941919191919191
0.8664021164021164
0.8670354337021003



0.8225806451612904
0.8576097105508870
0.8585434173669467
0.8460965516289247
