0.8225806451612904
0.9215686274509803
0.8718487394957983
0.8686911128087599



0.7741935483870968
0.7792717086834734
0.8088235294117647
0.7574996514442882





0.8548387096774194
0.9327731092436975
0.9124649859943978
0.9080991672687174



0.8064516129032258
0.7620370370370371
0.7764550264550264
0.7399429073342118



0.7741935483870968
0.8781512605042017
0.8088235294117647
0.8086777044914076


0.9193548387096774
0.9754901960784315
0.9789915966386554
0.9717324000538429


0.9032258064516129
0.9670868347338936
0.9747899159663864
0.9639524562125183
