0.8225806451612904
0.9215686274509803
0.8718487394957983
0.8686911128087599


0.9032258064516129
0.9407944996180291
0.9341736694677871
0.9216189039718451





0.8548387096774194
0.9327731092436975
0.9124649859943978
0.9080991672687174



0.8064516129032258
0.7620370370370371
0.7764550264550264
0.7399429073342118



0.7741935483870968
0.8781512605042017
0.8088235294117647
0.8086777044914076



0.8548387096774194
0.8313397129186603
0.7982456140350876
0.7950746431295631



0.8709677419354839
0.8592436974789917
0.9005602240896359
0.8691682974897406
