0.8225806451612904
0.9215686274509803
0.8718487394957983
0.8686911128087599



0.8548387096774194
0.8578431372549020
0.8921568627450980
0.8595897182402373





0.8548387096774194
0.9327731092436975
0.9124649859943978
0.9080991672687174



0.8064516129032258
0.7620370370370371
0.7764550264550264
0.7399429073342118



0.7741935483870968
0.8781512605042017
0.8088235294117647
0.8086777044914076



0.8387096774193549
0.8374076903488669
0.8627450980392156
0.8300263249112354


0.8548387096774194
0.9264705882352942
0.9222689075630253
0.9062629836623645
