0.8225806451612904
0.9215686274509803
0.8718487394957983
0.8686911128087599



0.8387096774193549
0.8455139631610220
0.8837535014005602
0.8544677871148459





0.8548387096774194
0.9327731092436975
0.9124649859943978
0.9080991672687174



0.8064516129032258
0.7620370370370371
0.7764550264550264
0.7399429073342118



0.7741935483870968
0.8781512605042017
0.8088235294117647
0.8086777044914076


0.8870967741935484
0.9264705882352942
0.9446778711484595
0.9201917838073445


0.8387096774193549
0.9068627450980392
0.9012605042016807
0.8796818248830632
