0.8225806451612904
0.9215686274509803
0.8718487394957983
0.8686911128087599


0.8387096774193549
0.8949579831932774
0.9075630252100840
0.8879264182669756





0.8548387096774194
0.9327731092436975
0.9124649859943978
0.9080991672687174



0.8064516129032258
0.7620370370370371
0.7764550264550264
0.7399429073342118



0.7741935483870968
0.8781512605042017
0.8088235294117647
0.8086777044914076



0.8548387096774194
0.8739495798319328
0.8711484593837535
0.8607649361452028


0.9032258064516129
0.9637254901960784
0.9495798319327731
0.9455886092041698
