0.8225806451612904
0.9215686274509803
0.8718487394957983
0.8686911128087599



0.7903225806451613
0.8118920295390885
0.8403361344537815
0.8014580191050779





0.8548387096774194
0.9327731092436975
0.9124649859943978
0.9080991672687174



0.8064516129032258
0.7620370370370371
0.7764550264550264
0.7399429073342118



0.7741935483870968
0.8781512605042017
0.8088235294117647
0.8086777044914076



0.8548387096774194
0.8460784313725490
0.8865546218487395
0.8470954570025777



0.8548387096774194
0.9007936507936508
0.8849206349206349
0.8848934691039955
