0.8225806451612904
0.9215686274509803
0.8718487394957983
0.8686911128087599


0.8709677419354839
0.9295645530939649
0.9215686274509803
0.9101809954751131





0.8548387096774194
0.9327731092436975
0.9124649859943978
0.9080991672687174



0.8064516129032258
0.7620370370370371
0.7764550264550264
0.7399429073342118



0.7741935483870968
0.8781512605042017
0.8088235294117647
0.8086777044914076



0.8870967741935484
0.9133597883597884
0.8928571428571428
0.8918810234599709



0.8548387096774194
0.8935185185185186
0.8419312169312170
0.8525480367585632
